51
27
64
10
43
62
80
55
82
84
13
7
23
64
28
82
24
6
57
35
70
58
93
76
6
59
53
32
91
13
42
35
69
14
29
62
61
1
2
32
70
50
35
70
19
42
74
4
74
7
37
89
85
90
85
22
34
14
40
61
42
40
25
93
13
26
12
13
46
94
75
30
19
45
43
90
3
22
13
88
74
26
9
41
11
9
70
78
20
44
45
93
60
32
72
68
88
41
6
96
13
91
15
66
54
43
65
47
13
30
45
43
36
1
10
67
47
22
82
81
83
90
75
54
70
76
63
11
41
30
4
78
84
8
72
43
2
83
42
52
71
72
36
42
68
12
49
40
30
79
52
22
23
50
16
79
31
96
25
49
75
29
27
66
47
12
15
27
46
16
65
17
41
83
44
83
82
60
39
65
19
69
14
1
60
21
55
15
26
63
22
4
32
2
23
32
38
87
8
9
58
25
87
63
83
20
30
54
38
95
8
74
73
62
15
70
92
32
3
60
47
83
80
83
75
19
56
86
48
29
48
95
13
7
33
38
78
85
66
46
10
54
63
44
49
92
70
42
39
89
7
80
76
31
82
39
99
38
67
31
78
64
93
93
53
46
49
42
45
67
7
81
27
75
60
3
70
59
67
50
62
13
25
39
45
84
59
55
19
33
80
70
62
64
27
46
78
44
58
8
38
82
84
47
9
61
99
12
44
11
87
92
31
16
41
6
95
14
51
19
82
50
97
78
61
71
31
19
90
80
39
23
45
22
87
1
51
60
71
72
90
26
54
35
79
99
39
24
93
31
22
28
28
25
58
20
97
96
3
27
51
69
6
83
67
58
90
87
74
17
57
87
9
69
54
53
62
41
63
27
15
70
28
2
77
99
77
93
69
65
23
72
17
61
34
2
43
78
52
71
23
48
58
49
99
47
45
97
23
39
7
24
96
13
75
89
88
69
91
72
10
61
80
5
44
56
35
83
5
68
87
86
16
24
64
31
75
92
75
65
74
60
95
16
25
17
16
42
30
3
51
29
7
89
47
62
98
1
71
63
23
89
33
50
25
44
78
50
4
65
15
1
82
35
73
15
50
73
84
72
5
69
52
84
91
38
6
61
54
34
39
22
16
1
13
50
43
38
95
60
90
44
48
56
85
66
2
62
84
2
94
50
52
32
15
30
20
18
62
53
43
18
60
94
77
86
38
26
76
7
99
24
53
79
16
87
77
87
96
11
46
61
51
59
47
26
44
12
70
85
31
60
17
2
93
87
69
5
73
89
10
11
58
71
67
90
20
97
15
43
62
34
28
64
69
1
3
91
17
7
48
23
68
85
72
67
85
8
50
25
13
44
41
83
67
98
57
20
15
49
4
82
44
49
48
55
98
96
56
11
74
24
7
72
55
47
28
31
48
69
40
71
6
41
56
70
63
67
38
38
3
77
38
38
35
69
5
79
57
30
86
82
8
25
86
35
57
66
87
30
84
82
42
29
76
38
81
90
30
11
18
25
15
30
75
32
50
1
27
86
48
17
37
74
99
89
68
71
85
47
29
73
37
65
27
86
94
60
21
71
42
82
93
35
60
2
64
95
75
77
74
96
45
42
34
9
14
93
17
69
77
96
37
19
20
49
42
62
34
31
73
5
83
38
78
70
57
89
55
87
56
80
46
84
72
78
75
48
55
4
67
19
34
24
27
51
33
4
61
67
4
84
83
86
93
9
66
50
98
86
17
55
31
84
52
88
7
71
3
24
99
97
96
54
61
12
46
36
3
26
81
29
38
68
25
67
37
55
54
67
57
12
45
94
87
55
41
91
63
24
91
37
52
27
54
50
44
32
5
60
50
87
6
73
89
72
24
76
54
7
60
73
55
85
8
4
1
92
57
58
36
22
51
39
47
20
21
32
61
40
68
76
9
78
34
73
80
72
49
39
27
32
4
98
57
70
74
27
42
20
80
72
35
16
75
38
65
77
76
36
11
52
73
8
67
46
4
76
15
46
24
43
96
3
71
9
2
25
66
53
3
90
66
4
76
74
33
66
66
51
65
77
23
55
82
17
76
85
5
88
20
99
20
89
5
91
94
15
7
39
38
89
7
18
46
75
95
59
22
96
59
29
51
22
16
95
81
84
82
58
38
44
47
70
89
67
29
9
4
59
81
29
33
49
22
84
42
58
38
29
70
3
76
65
67
64
68
9
47
20
66
90
34
76
83
71
93
50
56
32
43
36
34
42
4
96
23
43
61
13
67
63
58
50
44
83
53
66
77
59
